IT8.7/1
ORIGINATOR          "Monaco Acquisition Company"
DESCRIPTOR          "IT8.7/1 Reference Data File, 4x5 Ektachrome"
CREATED             "Tuesday, October26, 2004"
MANUFACTURER        "Monaco Acquisition Company"
PROD_DATE           "2004:08"
SERIAL              "Batch Average Data"
MATERIAL            "Kodak Ektachrome Product Family"
NUMBER_OF_FIELDS          11
BEGIN_DATA_FORMAT
SAMPLE_ID           XYZ_X   XYZ_Y   XYZ_Z   LAB_L   LAB_A   LAB_B   STDEV_X STDEV_Y STDEV_Z STDEV_DE
END_DATA_FORMAT
NUMBER_OF_SETS 288
#
BEGIN_DATA
#ID                      X       Y       Z       L       A       B     SD_X    SD_Y    SD_Z   SD_dE
A01                     1.89    1.64    1.21   13.46    7.89    1.87    0.11    0.09    0.06    0.39
A02                     2.32    1.61    1.01   13.30   18.00    4.45    0.13    0.09    0.05    0.43
A03                     2.76    1.55    0.79   12.92   28.20    7.48    0.15    0.08    0.05    0.47
A04                     3.15    1.57    0.70   13.04   34.59    9.30    0.16    0.08    0.04    0.50
A05                     8.39    7.34    5.50   32.56   12.17    2.68    0.39    0.33    0.31    0.43
A06                    10.22    7.38    4.71   32.64   26.95    6.88    0.48    0.34    0.29    0.57
A07                    12.24    7.44    4.08   32.79   40.96   10.76    0.62    0.36    0.26    0.77
A08                    16.37    8.48    3.60   34.96   57.18   17.47    0.36    0.21    0.23    0.60
A09                    24.80   24.34   19.71   56.41    5.79    0.81    1.22    1.13    1.30    0.83
A10                    27.10   24.78   18.87   56.84   13.46    3.36    1.34    1.15    1.26    0.81
A11                    29.50   25.07   17.69   57.13   21.61    6.46    1.46    1.17    1.22    0.81
A12                    32.89   25.91   17.18   57.94   30.58    9.01    1.28    1.05    1.18    0.81
A13                    56.96   61.64   54.78   82.71   -6.00   -4.25    2.04    2.18    1.84    0.65
A14                    60.85   59.81   52.40   81.72    7.62   -3.39    2.22    2.32    2.04    0.64
A15                    63.35   64.62   48.15   84.27    2.40    5.82    2.27    2.35    2.52    0.76
A16                    59.56   62.15   52.75   82.97   -0.87   -1.60    2.39    2.50    2.27    0.70
A17                    60.65   59.63   47.47   81.62    7.58    2.04    2.34    2.40    2.60    0.75
A18                    56.06   61.26   49.22   82.50   -7.34    1.53    2.40    2.51    2.60    0.80
A19                    55.08   57.20   53.61   80.27   -0.16   -7.20    2.64    2.84    2.21    0.89
A20                    15.59   22.22   32.31   54.24  -30.46  -25.12    1.06    1.36    2.45    0.96
A21                    12.29    6.31   10.02   30.16   52.57  -19.39    0.78    0.38    0.77    0.98
A22                    31.74   30.98    2.62   62.47    6.90   71.97    1.76    1.75    0.14    1.14
B01                     2.86    2.60    1.54   18.38    6.49    6.29    0.15    0.13    0.08    0.43
B02                     3.37    2.62    0.96   18.42   15.02   13.99    0.17    0.13    0.05    0.47
B03                     3.96    2.62    0.59   18.44   23.97   20.66    0.19    0.12    0.03    0.58
B04                     4.43    2.67    0.33   18.67   29.57   25.89    0.20    0.12    0.02    0.63
B05                    10.98   10.03    5.88   37.89   10.03   10.03    0.47    0.42    0.35    0.44
B06                    12.62    9.80    3.77   37.47   23.36   20.69    0.57    0.43    0.23    0.56
B07                    14.74    9.84    2.26   37.54   36.52   32.07    0.73    0.48    0.14    0.84
B08                    15.92   10.00    1.87   37.82   42.22   36.20    0.77    0.47    0.11    0.89
B09                    29.89   30.07   22.79   61.70    3.42    3.79    1.44    1.39    1.47    0.95
B10                    31.59   30.05   20.47   61.68    9.76    8.34    1.53    1.39    1.34    0.87
B11                    33.71   30.41   17.97   61.99   15.97   14.20    1.60    1.41    1.21    0.83
B12                    37.02   31.11   15.60   62.59   24.61   20.76    1.24    1.16    0.99    0.77
B13                    52.65   58.28   54.32   80.88   -8.98   -6.92    1.90    2.08    1.81    0.63
B14                    55.72   51.95   47.16   77.24   14.53   -5.18    2.08    2.10    2.16    0.67
B15                    62.30   63.01   39.79   83.44    3.60   14.69    2.03    2.14    2.58    0.95
B16                    49.63   52.27   44.60   77.42   -2.04   -1.78    2.33    2.40    2.58    0.78
B17                    53.57   50.73   36.72   76.49   12.28    6.87    2.17    2.19    2.55    0.93
B18                    49.67   55.72   40.59   79.44  -10.65    6.76    2.37    2.50    2.85    1.02
B19                    43.73   44.81   46.69   72.73    1.56  -12.36    2.46    2.53    2.54    0.95
B20                    10.32   14.58   20.58   45.03  -25.82  -20.56    0.70    0.84    1.69    0.99
B21                     8.10    4.37    6.83   24.84   42.86  -16.71    0.50    0.26    0.51    0.80
B22                    20.10   19.93    2.01   51.74    4.36   58.81    1.04    1.00    0.10    0.83
C01                     5.55    5.54    3.13   28.20    2.44    9.04    0.28    0.26    0.17    0.44
C02                     6.03    5.62    1.94   28.43    6.95   19.29    0.29    0.26    0.10    0.44
C03                     6.51    5.68    1.08   28.58   11.34   29.82    0.29    0.25    0.05    0.52
C04                     6.84    5.73    0.79   28.72   14.13   34.62    0.30    0.24    0.03    0.52
C05                    20.47   20.13   10.64   51.98    5.22   16.21    0.86    0.81    0.63    0.60
C06                    22.47   20.28    5.97   52.14   13.92   34.19    1.00    0.86    0.35    0.71
C07                    24.65   20.43    2.83   52.31   22.82   52.83    1.07    0.85    0.14    0.84
C08                    24.94   20.55    2.56   52.45   23.50   55.22    1.01    0.80    0.12    0.79
C09                    35.64   36.29   25.17   66.72    2.22    8.06    1.65    1.63    1.67    1.02
C10                    36.77   36.29   21.58   66.72    5.95   14.79    1.69    1.63    1.39    0.87
C11                    38.30   36.51   17.73   66.89   10.18   23.18    1.76    1.69    1.14    0.89
C12                    42.40   37.74   11.61   67.82   18.92   40.55    1.04    1.21    0.66    0.78
C13                    48.76   55.37   54.24   79.24  -12.24   -9.65    1.81    2.01    1.84    0.65
C14                    50.77   45.45   41.97   73.17   19.33   -5.85    2.00    1.92    2.29    0.73
C15                    60.62   60.86   32.72   82.29    4.62   22.61    1.75    1.96    2.29    1.09
C16                    37.60   39.61   33.67   69.16   -1.89   -1.42    2.02    2.03    2.43    0.95
C17                    47.22   42.46   27.99   71.17   18.33   10.91    1.74    1.73    2.12    1.03
C18                    44.13   50.53   33.80   76.37  -12.94   10.83    2.29    2.47    2.65    1.09
C19                    35.46   35.52   41.36   66.12    4.10  -17.20    2.14    2.10    2.66    0.91
C20                     6.89    9.70   12.88   37.28  -22.23  -15.73    0.46    0.55    1.06    0.80
C21                     5.17    2.97    4.50   19.89   33.79  -13.88    0.34    0.19    0.37    0.70
C22                    12.69   12.71    1.55   42.31    2.92   47.35    0.63    0.60    0.08    0.66
D01                     3.67    3.94    2.46   23.48   -2.05    6.06    0.20    0.20    0.14    0.42
D02                     3.71    3.96    1.78   23.54   -1.74   12.54    0.20    0.20    0.10    0.40
D03                     3.74    4.02    1.20   23.73   -2.10   19.77    0.19    0.20    0.07    0.43
D04                     3.83    4.15    0.80   24.16   -2.57   26.55    0.18    0.19    0.04    0.46
D05                    15.40   16.40    8.76   47.48   -2.38   14.79    0.66    0.67    0.54    0.58
D06                    15.03   16.17    4.62   47.19   -3.32   32.44    0.64    0.67    0.26    0.54
D07                    14.74   16.01    2.30   46.97   -4.14   47.94    0.62    0.65    0.10    0.62
D08                    16.19   17.51    1.73   48.88   -3.86   56.77    0.63    0.68    0.07    0.66
D09                    41.19   43.46   22.51   71.84   -2.14   21.82    1.82    1.92    1.47    1.05
D10                    41.62   43.96   12.81   72.19   -2.32   44.59    1.80    1.94    0.72    1.08
D11                    40.93   43.60    6.36   71.94   -3.37   66.55    1.84    2.01    0.33    1.15
D12                    41.16   44.23    4.48   72.36   -4.49   76.66    1.77    1.95    0.20    1.15
D13                    44.96   52.34   53.21   77.47  -15.21  -11.60    1.74    1.98    1.96    0.60
D14                    46.12   39.30   37.50   68.95   24.81   -7.23    1.81    1.64    2.25    0.77
D15                    58.91   59.06   26.77   81.31    4.78   30.44    1.57    1.86    1.90    1.01
D16                    27.68   29.26   24.77   60.99   -2.14   -1.09    1.54    1.53    1.90    0.87
D17                    41.57   35.77   21.36   66.33   22.83   14.56    1.41    1.35    1.53    0.83
D18                    39.12   46.52   27.51   73.86  -17.29   16.35    2.11    2.38    2.27    1.05
D19                    28.15   27.57   35.91   59.48    6.23  -21.34    1.76    1.61    2.60    1.02
D20                     4.01    5.48    7.17   28.03  -16.61  -12.62    0.29    0.35    0.62    0.61
D21                     3.19    1.97    2.72   15.32   25.50  -10.11    0.23    0.13    0.23    0.62
D22                     7.27    7.33    1.12   32.52    2.05   36.01    0.39    0.37    0.06    0.59
E01                     4.85    5.61    3.21   28.39   -6.86    8.78    0.25    0.27    0.18    0.41
E02                     4.57    5.74    2.09   28.74  -12.01   18.40    0.24    0.28    0.11    0.40
E03                     4.29    5.92    1.33   29.21  -17.77   27.40    0.21    0.27    0.06    0.48
E04                     4.17    5.81    1.19   28.93  -18.14   28.78    0.20    0.26    0.06    0.45
E05                    21.63   24.99   13.71   57.05  -11.13   16.06    0.97    1.09    0.81    0.78
E06                    19.34   24.49    8.55   56.55  -20.12   31.18    0.93    1.19    0.49    0.87
E07                    17.73   24.79    4.66   56.85  -29.76   48.91    0.86    1.23    0.24    1.00
E08                    17.06   25.06    3.57   57.11  -34.53   55.84    0.77    1.17    0.16    0.97
E09                    39.96   44.06   29.56   72.25   -7.68   10.18    1.85    1.99    1.90    1.02
E10                    37.82   44.21   23.02   72.35  -14.88   21.71    1.68    1.91    1.47    1.05
E11                    35.68   43.88   17.97   72.13  -20.98   31.67    1.52    1.84    1.07    1.03
E12                    34.32   44.77   12.81   72.73  -28.16   45.52    1.23    1.55    0.71    0.94
E13                    41.45   49.48   52.66   75.73  -18.10  -14.00    1.56    1.84    1.90    0.60
E14                    41.52   33.69   34.14   64.70   29.67   -9.82    1.64    1.36    2.13    0.82
E15                    56.97   56.82   22.48   80.07    5.44   36.06    1.45    1.79    1.47    0.88
E16                    20.19   21.21   18.02   53.16   -1.29   -1.13    1.06    1.03    1.30    0.74
E17                    36.05   29.40   15.78   61.12   27.74   17.80    1.18    1.07    1.11    0.70
E18                    34.08   41.82   22.40   70.72  -20.39   20.12    1.81    2.15    1.76    0.91
E19                    22.70   21.66   31.55   53.64    8.44  -25.00    1.39    1.19    2.39    1.13
E20                     2.06    2.74    3.28   18.94  -12.01   -7.99    0.14    0.16    0.28    0.52
E21                     1.66    1.14    1.46   10.13   16.45   -7.09    0.12    0.07    0.12    0.50
E22                     3.50    3.53    0.76   22.04    1.50   23.75    0.20    0.18    0.04    0.48
F01                     3.21    4.07    2.98   23.88  -11.05    2.65    0.16    0.19    0.17    0.40
F02                     2.73    4.16    2.54   24.18  -20.88    6.61    0.13    0.19    0.14    0.38
F03                     2.36    4.30    2.21   24.64  -30.09   10.28    0.12    0.20    0.12    0.43
F04                     2.15    4.32    1.99   24.70  -34.78   12.44    0.11    0.20    0.11    0.44
F05                    11.10   13.43   10.32   43.40  -12.83    2.42    0.53    0.59    0.59    0.56
F06                     9.32   13.04    8.96   42.81  -24.10    6.03    0.49    0.61    0.54    0.59
F07                     8.10   13.03    7.78   42.80  -34.52   10.39    0.40    0.59    0.45    0.63
F08                     7.25   13.53    6.88   43.54  -45.63   15.32    0.35    0.65    0.38    0.78
F09                    26.17   30.22   23.46   61.83  -11.81    2.74    1.27    1.43    1.52    0.90
F10                    23.39   30.60   21.33   62.15  -25.06    7.39    1.11    1.43    1.31    0.94
F11                    21.15   30.80   19.35   62.32  -36.12   11.76    1.00    1.42    1.16    1.01
F12                    19.24   31.14   17.82   62.61  -46.72   15.60    0.77    1.17    1.00    0.95
F13                    39.09   47.78   52.84   74.67  -20.83  -16.03    1.41    1.72    1.71    0.60
F14                    37.78   29.11   30.49   60.86   34.49  -10.92    1.44    1.15    1.94    0.80
F15                    54.58   53.92   17.98   78.40    6.66   42.46    1.34    1.72    1.07    0.85
F16                    14.45   15.37   13.09   46.13   -2.28   -1.11    0.71    0.69    0.84    0.63
F17                    31.35   24.28   11.60   56.36   31.87   20.82    1.06    0.90    0.75    0.55
F18                    29.90   37.68   17.87   67.76  -22.69   24.38    1.55    1.93    1.34    0.90
F19                    18.19   17.04   27.91   48.29    9.56  -28.42    1.08    0.88    2.12    1.22
F20                     0.92    1.15    1.26   10.20   -7.12   -4.46    0.06    0.07    0.11    0.37
F21                     0.75    0.57    0.69    5.12    8.09   -4.23    0.05    0.03    0.05    0.44
F22                     1.33    1.38    0.42   11.79    0.19   12.38    0.07    0.07    0.02    0.37
G01                     2.25    2.76    2.48   19.06   -8.36   -1.75    0.12    0.13    0.14    0.37
G02                     1.95    2.78    2.59   19.12  -15.12   -2.47    0.11    0.14    0.15    0.41
G03                     1.79    2.94    2.84   19.79  -21.92   -3.29    0.10    0.15    0.17    0.38
G04                     1.48    2.86    2.97   19.45  -28.56   -4.85    0.09    0.15    0.18    0.41
G05                    11.32   13.54   11.90   43.56  -11.96   -2.15    0.56    0.61    0.71    0.56
G06                     9.78   13.17   12.31   43.01  -21.20   -4.29    0.51    0.60    0.76    0.60
G07                     8.68   13.20   12.84   43.04  -30.46   -5.73    0.44    0.60    0.75    0.64
G08                     7.83   13.49   13.56   43.48  -39.92   -6.94    0.40    0.64    0.80    0.81
G09                    26.52   30.65   26.74   62.19  -11.97   -2.49    1.27    1.43    1.70    0.94
G10                    23.97   30.89   28.16   62.40  -23.61   -4.53    1.14    1.43    1.69    0.95
G11                    22.13   31.48   29.62   62.89  -34.01   -6.05    1.10    1.48    1.75    0.97
G12                    20.41   31.64   30.11   63.03  -42.72   -6.60    0.90    1.25    1.71    0.94
G13                    35.80   45.10   52.07   72.95  -24.07  -18.16    1.29    1.63    1.62    0.63
G14                    34.57   25.27   27.29   57.33   39.10  -11.83    1.21    0.94    1.72    0.79
G15                    53.53   52.79   14.45   77.74    6.87   49.79    1.25    1.64    0.84    0.89
G16                     9.64   10.22    8.75   38.22   -1.70   -1.15    0.51    0.49    0.59    0.57
G17                    26.88   19.55    7.99   51.32   36.43   24.27    0.96    0.73    0.51    0.58
G18                    26.45   34.56   14.32   65.38  -26.01   28.82    1.33    1.74    1.01    0.88
G19                    13.67   12.34   24.02   41.74   11.72  -32.91    0.87    0.68    1.85    1.25
G20                     7.23    3.40    0.21   21.58   48.78   33.30    0.44    0.21    0.01    1.11
G21                     8.96   14.38    2.48   44.75  -35.48   42.59    0.49    0.79    0.14    0.89
G22                     1.60    0.96    7.43    8.64   21.33  -47.11    0.11    0.06    0.51    0.86
H01                     2.36    2.77    2.90   19.09   -6.12   -5.00    0.12    0.13    0.16    0.39
H02                     2.15    2.81    3.93   19.27  -11.30  -11.63    0.12    0.14    0.24    0.44
H03                     2.01    2.88    4.92   19.53  -15.50  -16.81    0.12    0.15    0.30    0.44
H04                     1.89    2.93    5.81   19.76  -19.43  -20.88    0.12    0.15    0.36    0.45
H05                     8.60   10.17   11.54   38.14   -9.98  -10.44    0.44    0.46    0.69    0.61
H06                     7.94   10.42   14.80   38.57  -17.74  -18.65    0.43    0.49    0.91    0.67
H07                     7.23   10.53   19.07   38.76  -25.31  -28.26    0.37    0.47    1.11    0.73
H08                     7.08   10.57   19.86   38.84  -27.09  -29.80    0.36    0.47    1.13    0.74
H09                    27.79   30.37   28.42   61.95   -5.82   -5.72    1.36    1.43    1.83    0.97
H10                    26.89   30.76   32.84   62.28  -10.85  -12.08    1.28    1.41    1.98    0.89
H11                    25.71   30.63   37.01   62.17  -15.21  -18.26    1.23    1.41    2.02    0.84
H12                    24.33   31.04   46.09   62.52  -22.57  -29.29    1.14    1.52    1.74    0.94
H13                    33.15   42.86   51.54   71.44  -26.68  -20.17    1.25    1.61    1.68    0.68
H14                    30.55   20.87   23.72   52.80   44.25  -13.32    1.03    0.74    1.47    0.74
H15                    52.57   51.60   11.58   77.03    7.47   56.50    1.17    1.55    0.66    0.86
H16                     6.10    6.50    5.55   30.62   -1.75   -0.94    0.33    0.32    0.37    0.49
H17                    22.46   15.37    5.30   46.13   39.82   27.04    0.89    0.60    0.32    0.66
H18                    23.02   31.12   11.14   62.58  -28.61   32.96    1.17    1.59    0.76    0.94
H19                    10.12    8.62   20.67   35.23   14.93  -37.67    0.66    0.49    1.51    1.09
H20                     5.16    2.58    0.21   18.26   40.74   27.52    0.30    0.15    0.01    0.89
H21                     6.33    9.92    1.91   37.69  -29.78   35.60    0.33    0.50    0.10    0.67
H22                     1.26    0.82    5.27    7.36   16.93  -39.60    0.09    0.05    0.36    0.80
I01                     3.92    4.11    6.02   24.03   -0.67  -14.51    0.20    0.19    0.31    0.43
I02                     4.05    4.19    9.27   24.28    0.07  -27.02    0.21    0.20    0.48    0.48
I03                     4.22    4.26   14.09   24.50    1.65  -41.11    0.22    0.20    0.73    0.53
I04                     4.40    4.36   17.90   24.83    2.67  -49.73    0.22    0.20    0.87    0.55
I05                    12.70   13.34   14.54   43.26   -1.09   -9.90    0.58    0.54    0.83    0.62
I06                    12.87   13.42   19.23   43.38   -0.50  -20.65    0.65    0.59    1.15    0.76
I07                    13.11   13.50   24.76   43.50    0.58  -31.26    0.67    0.60    1.41    0.78
I08                    13.35   13.53   32.18   43.54    1.96  -43.43    0.62    0.58    1.49    0.67
I09                    28.89   30.40   29.32   61.98   -1.60   -7.15    1.38    1.39    1.76    0.88
I10                    29.09   30.56   33.51   62.12   -1.45  -13.35    1.33    1.34    1.89    0.85
I11                    29.39   30.61   37.53   62.16   -0.48  -19.00    1.39    1.40    1.95    0.75
I12                    29.68   30.61   40.82   62.16    0.63  -23.38    1.40    1.42    1.95    0.80
I13                    30.75   40.89   51.53   70.09  -29.50  -22.50    1.12    1.47    1.56    0.67
I14                    27.27   17.49   21.36   48.86   48.58  -15.57    1.00    0.65    1.37    0.76
I15                    51.57   50.28    8.79   76.23    8.29   64.24    1.20    1.57    0.49    0.90
I16                     3.45    3.71    3.20   22.66   -1.98   -0.99    0.19    0.18    0.21    0.49
I17                    18.94   11.95    3.15   41.12   44.36   31.17    0.80    0.49    0.19    0.77
I18                    19.77   28.00    8.42   59.87  -32.29   37.40    0.98    1.40    0.52    0.96
I19                     7.41    5.96   18.03   29.31   17.20  -42.27    0.49    0.34    1.28    1.07
I20                     3.58    1.90    0.21   14.94   33.34   21.80    0.22    0.12    0.01    0.82
I21                     4.30    6.52    1.41   30.68  -23.90   29.04    0.23    0.33    0.08    0.56
I22                     1.00    0.68    3.61    6.12   13.54  -32.30    0.07    0.04    0.26    0.87
J01                     1.10    1.03    1.58    9.21    3.88  -10.05    0.06    0.05    0.10    0.38
J02                     1.25    1.02    2.47    9.16    8.90  -18.72    0.07    0.05    0.16    0.49
J03                     1.44    1.02    3.79    9.18   14.48  -28.15    0.08    0.05    0.23    0.53
J04                     1.62    1.03    5.32    9.25   19.30  -36.63    0.09    0.05    0.30    0.59
J05                     7.98    7.79    9.38   33.53    4.35  -11.44    0.40    0.36    0.54    0.57
J06                     8.76    7.82   13.47   33.59   10.95  -23.74    0.45    0.36    0.79    0.70
J07                     9.62    7.80   18.34   33.55   18.21  -35.65    0.50    0.36    1.07    0.81
J08                    10.42    7.95   23.44   33.87   23.19  -45.45    0.52    0.36    1.22    0.83
J09                    24.26   24.69   23.85   56.76    1.97   -6.73    1.09    1.03    1.43    0.88
J10                    24.91   24.73   27.42   56.80    4.60  -12.96    1.15    1.05    1.61    0.88
J11                    25.90   24.88   31.81   56.94    8.11  -19.74    1.20    1.05    1.72    0.77
J12                    27.01   24.90   37.60   56.96   12.60  -28.07    1.22    1.05    1.68    0.70
J13                    27.77   38.18   50.53   68.14  -32.53  -24.74    1.02    1.38    1.53    0.69
J14                    24.34   14.39   18.80   44.78   53.98  -17.31    0.79    0.48    1.14    0.74
J15                    51.01   49.41    6.46   75.69    9.13   72.57    1.14    1.51    0.33    0.96
J16                     1.85    1.99    1.67   15.42   -1.73   -0.32    0.10    0.10    0.11    0.40
J17                    15.82    9.04    1.73   36.05   49.27   34.65    0.69    0.38    0.10    0.84
J18                    17.00   25.17    6.23   57.22  -35.32   41.77    0.89    1.32    0.36    1.06
J19                     5.02    3.74   15.25   22.79   19.44  -46.99    0.34    0.21    1.07    1.00
J20                     2.23    1.31    0.21   11.37   24.43   15.65    0.14    0.08    0.01    0.72
J21                     2.76    4.02    1.02   23.73  -18.35   22.29    0.15    0.21    0.06    0.46
J22                     0.72    0.50    2.26    4.56    9.59  -24.83    0.05    0.03    0.16    0.83
K01                     2.08    1.76    2.21   14.16    9.03   -7.80    0.11    0.09    0.13    0.39
K02                     2.56    1.76    3.25   14.15   19.23  -16.00    0.15    0.10    0.21    0.48
K03                     3.15    1.75    4.30   14.09   29.99  -22.77    0.18    0.10    0.26    0.52
K04                     3.41    1.76    4.82   14.19   34.03  -25.51    0.20    0.10    0.29    0.59
K05                     6.68    5.76    6.98   28.78   12.32  -10.55    0.34    0.27    0.42    0.57
K06                     7.94    5.58    9.43   28.31   26.44  -20.62    0.38    0.25    0.53    0.70
K07                     9.92    5.78   12.96   28.85   40.93  -30.54    0.46    0.24    0.69    0.76
K08                    10.73    5.74   15.02   28.73   47.66  -36.17    0.51    0.24    0.81    0.80
K09                    21.18   20.44   20.05   52.32    7.13   -6.94    0.94    0.82    1.21    0.84
K10                    22.95   20.41   23.34   52.28   15.46  -13.51    1.02    0.81    1.33    0.87
K11                    26.26   21.05   28.34   52.99   26.65  -21.06    1.22    0.88    1.50    0.82
K12                    29.19   21.50   33.54   53.48   36.17  -28.32    1.30    0.89    1.49    0.77
K13                    25.01   35.45   49.62   66.08  -34.96  -27.26    0.91    1.28    1.47    0.67
K14                    21.68   11.73   16.39   40.78   59.29  -18.76    0.59    0.34    0.99    0.82
K15                    50.18   48.14    4.71   74.90   10.34   79.77    1.20    1.56    0.22    0.99
K16                     0.73    0.79    0.70    7.17   -1.41   -0.89    0.05    0.05    0.05    0.29
K17                    13.09    6.71    0.82   31.13   53.77   38.35    0.59    0.30    0.05    0.86
K18                    14.50   22.52    4.38   54.55  -38.31   46.51    0.78    1.23    0.25    1.10
K19                     3.31    2.23   12.78   16.66   21.67  -51.04    0.21    0.12    0.86    1.04
K20                     1.86    1.12    0.18    9.94   22.27   13.69    0.12    0.07    0.01    0.71
K21                     1.56    2.16    0.66   16.32  -12.76   15.71    0.08    0.11    0.04    0.42
K22                     0.49    0.36    1.23    3.25    5.68  -16.01    0.03    0.02    0.08    0.62
L01                     2.04    1.77    1.66   14.20    8.09   -2.27    0.12    0.09    0.10    0.40
L02                     2.52    1.72    1.77   13.93   19.37   -3.94    0.15    0.10    0.11    0.46
L03                     3.01    1.70    1.97   13.80   28.93   -6.19    0.18    0.10    0.13    0.54
L04                     3.32    1.69    2.07   13.73   34.51   -7.26    0.18    0.09    0.13    0.59
L05                     6.74    5.70    5.45   28.62   13.57   -3.89    0.33    0.27    0.32    0.55
L06                     8.46    5.64    5.90   28.47   30.46   -6.31    0.40    0.25    0.34    0.64
L07                    10.23    5.59    6.52   28.34   45.50   -9.34    0.50    0.25    0.37    0.76
L08                    12.30    5.91    7.01   29.18   56.87   -9.98    0.59    0.28    0.37    0.78
L09                    21.00   20.24   17.64   52.10    7.26   -2.12    0.88    0.78    1.02    0.76
L10                    23.84   20.60   18.56   52.50   18.47   -3.47    1.04    0.81    1.07    0.83
L11                    26.68   21.04   19.41   52.99   28.41   -4.48    1.16    0.83    1.10    0.86
L12                    30.57   21.93   20.86   53.94   39.45   -5.83    1.02    0.74    1.19    0.76
L13                    23.45   34.02   49.41   64.97  -36.95  -28.94    0.82    1.18    1.40    0.67
L14                    18.71    9.22   14.28   36.40   63.61  -21.06    0.47    0.23    0.84    0.78
L15                    51.00   48.92    3.58   75.39   10.41   87.34    1.23    1.61    0.15    1.06
L16                     0.09    0.10    0.10    0.91   -0.33   -0.41    0.00    0.00    0.01    0.05
L17                    11.21    5.03    0.19   26.82   59.47   42.70    0.18    0.09    0.01    0.29
L18                    12.20   20.01    3.06   51.83  -41.44   50.29    0.65    1.10    0.16    1.14
L19                     2.11    1.25   10.47   10.89   23.76  -54.08    0.15    0.08    0.75    1.02
L20                     0.61    0.43    0.17    3.92    7.69    3.47    0.04    0.02    0.01    0.37
L21                     0.76    0.99    0.45    8.91   -7.75    6.86    0.05    0.06    0.03    0.39
L22                     0.26    0.23    0.62    2.05    1.56   -8.20    0.02    0.01    0.04    0.40
Dmin                   69.13   69.50   57.02   86.74    4.63    0.36    1.89    2.06    1.68    0.60
GS01                   53.73   56.46   47.76   79.86   -1.78   -1.36    2.02    2.14    1.91    0.69
GS02                   46.48   48.77   41.26   75.29   -1.51   -1.29    1.82    1.87    1.92    0.68
GS03                   39.74   41.77   35.14   70.70   -1.69   -0.94    1.60    1.63    1.72    0.80
GS04                   35.05   36.69   31.00   67.03   -1.10   -1.11    1.51    1.52    1.61    0.85
GS05                   29.68   31.24   26.20   62.70   -1.69   -0.71    1.27    1.26    1.47    0.88
GS06                   25.52   26.87   22.63   58.84   -1.66   -0.84    1.09    1.08    1.28    0.86
GS07                   21.67   22.71   19.32   54.76   -1.08   -1.22    0.92    0.90    1.11    0.78
GS08                   18.40   19.29   16.15   51.01   -1.03   -0.53    0.77    0.74    0.96    0.71
GS09                   15.74   16.62   13.90   47.76   -1.62   -0.47    0.65    0.63    0.81    0.64
GS10                   12.96   13.79   11.62   43.93   -2.21   -0.68    0.56    0.54    0.63    0.56
GS11                   10.44   11.09    9.50   39.71   -1.86   -1.20    0.49    0.47    0.55    0.57
GS12                    8.52    9.05    7.73   36.07   -1.76   -1.04    0.40    0.38    0.46    0.52
GS13                    6.70    7.14    6.17   32.10   -1.78   -1.26    0.34    0.33    0.39    0.55
GS14                    5.19    5.56    4.86   28.25   -1.96   -1.50    0.27    0.26    0.32    0.51
GS15                    3.94    4.22    3.65   24.38   -1.95   -1.05    0.20    0.20    0.22    0.44
GS16                    2.98    3.19    2.76   20.76   -1.62   -1.04    0.17    0.16    0.19    0.45
GS17                    2.13    2.29    1.96   16.92   -1.70   -0.74    0.11    0.11    0.13    0.37
GS18                    1.47    1.58    1.31   13.10   -1.56   -0.04    0.08    0.08    0.09    0.33
GS19                    0.97    1.05    0.89    9.40   -1.71   -0.40    0.05    0.05    0.06    0.29
GS20                    0.52    0.57    0.51    5.11   -1.04   -0.81    0.04    0.03    0.03    0.19
GS21                    0.29    0.34    0.35    3.05   -1.33   -1.42    0.02    0.02    0.02    0.14
GS22                    0.12    0.15    0.17    1.32   -0.73   -0.97    0.01    0.01    0.01    0.07
Dmax                    0.08    0.09    0.08    0.78   -0.19   -0.09    0.00    0.00    0.00    0.03
END_DATA
