IT8.7/1
ORIGINATOR          "Monaco Acquisition Company"
DESCRIPTOR          "IT8.7/1 Reference Data File, 4x5 Ektachrome"
CREATED             "Thursday, July 29, 2004"
MANUFACTURER        "Monaco Acquisition Company"
PROD_DATE           "2004:06"
SERIAL              "Batch Average Data"
MATERIAL            "Kodak Ektachrome Product Family"
NUMBER_OF_FIELDS          11
BEGIN_DATA_FORMAT
SAMPLE_ID           XYZ_X   XYZ_Y   XYZ_Z   LAB_L   LAB_A   LAB_B   STDEV_X STDEV_Y STDEV_Z STDEV_DE
END_DATA_FORMAT
NUMBER_OF_SETS 288
#
BEGIN_DATA
#ID                      X       Y       Z       L       A       B     SD_X    SD_Y    SD_Z   SD_dE
A01                     2.01    1.75    1.39   14.11    7.78    0.61    0.07    0.06    0.06    0.23
A02                     2.68    1.79    1.18   14.35   20.67    3.81    0.11    0.07    0.06    0.28
A03                     3.25    1.75    0.99   14.14   31.63    6.22    0.11    0.06    0.05    0.27
A04                     3.67    1.82    0.88   14.50   36.77    8.53    0.12    0.06    0.05    0.26
A05                    10.33    8.94    7.16   35.86   13.87    0.92    0.35    0.30    0.36    0.38
A06                    11.82    8.47    6.05   34.93   28.85    4.10    0.36    0.25    0.27    0.34
A07                    14.56    8.69    5.25   35.37   44.79    8.75    0.47    0.28    0.23    0.42
A08                    16.82    8.64    4.32   35.29   58.29   13.65    0.17    0.11    0.19    0.50
A09                    28.20   27.43   23.32   59.37    6.99   -1.28    0.87    0.82    0.83    0.48
A10                    30.34   27.48   22.06   59.41   14.98    1.22    0.92    0.80    0.85    0.45
A11                    33.20   27.93   21.10   59.82   23.62    3.81    0.82    0.68    0.72    0.35
A12                    36.74   29.02   20.04   60.80   31.44    7.66    0.61    0.60    0.68    0.39
A13                    59.73   64.00   56.97   83.96   -4.65   -4.40    1.21    1.32    0.70    0.46
A14                    63.86   62.92   54.87   83.39    7.40   -3.18    1.32    1.44    0.87    0.48
A15                    66.27   67.54   54.60   85.77    2.55    1.21    1.36    1.45    1.00    0.39
A16                    62.19   64.57   56.03   84.26   -0.15   -2.91    1.49    1.62    1.03    0.42
A17                    63.78   62.81   52.50   83.33    7.48   -0.73    1.52    1.64    1.32    0.43
A18                    59.40   64.08   54.29   84.00   -5.60   -1.52    1.60    1.77    1.29    0.43
A19                    56.92   59.48   55.78   81.54   -1.04   -7.33    1.75    1.98    1.24    0.68
A20                    16.98   24.08   36.54   56.15  -30.80  -28.00    0.74    1.00    1.55    0.61
A21                    13.85    7.04   11.37   31.88   55.43  -20.70    0.49    0.24    0.54    0.60
A22                    34.97   33.77    2.95   64.77    8.39   73.36    1.23    1.24    0.11    0.82
B01                     3.11    2.84    1.87   19.39    6.64    4.47    0.10    0.09    0.08    0.28
B02                     3.96    2.95    1.11   19.84   18.07   14.19    0.14    0.09    0.05    0.27
B03                     4.67    3.02    0.64   20.12   26.51   22.52    0.15    0.10    0.03    0.27
B04                     5.22    3.01    0.37   20.06   33.68   27.59    0.15    0.08    0.01    0.30
B05                    12.92   11.53    7.26   40.46   12.48    8.42    0.38    0.33    0.32    0.32
B06                    14.65   11.47    4.93   40.35   23.90   18.98    0.42    0.32    0.21    0.33
B07                    17.25   11.50    3.02   40.41   38.56   30.87    0.50    0.33    0.12    0.39
B08                    19.32   11.93    2.36   41.10   46.42   37.30    0.44    0.29    0.09    0.29
B09                    33.16   32.69   26.86   63.90    5.89    0.21    1.05    1.01    1.03    0.46
B10                    35.09   32.76   23.27   63.96   12.27    6.74    0.94    0.86    0.86    0.45
B11                    37.42   33.42   21.42   64.50   17.71   11.23    0.93    0.86    0.77    0.37
B12                    40.21   34.14   19.10   65.07   24.12   16.99    0.69    0.72    0.64    0.43
B13                    54.70   60.06   56.58   81.87   -7.96   -7.61    1.08    1.23    0.83    0.44
B14                    58.76   54.60   50.87   78.80   15.26   -6.75    1.21    1.33    1.01    0.51
B15                    65.44   66.20   45.31   85.09    3.65   10.55    1.35    1.43    1.50    0.42
B16                    52.83   54.57   48.69   78.78    0.56   -4.31    1.42    1.51    1.29    0.44
B17                    56.93   53.35   41.64   78.07   13.96    2.99    1.31    1.41    1.55    0.59
B18                    53.67   59.55   46.28   81.58   -9.36    3.33    1.51    1.64    1.61    0.43
B19                    47.61   48.00   51.18   74.81    3.73  -13.98    1.74    1.91    1.34    0.76
B20                    11.39   16.10   23.57   47.10  -26.69  -22.89    0.50    0.64    1.17    0.56
B21                     9.11    4.82    8.01   26.20   45.81  -19.13    0.33    0.17    0.37    0.52
B22                    22.28   21.68    2.14   53.67    6.45   60.90    0.77    0.75    0.07    0.58
C01                     6.53    6.40    3.89   30.38    3.85    7.77    0.20    0.19    0.17    0.31
C02                     6.94    6.41    2.36   30.43    7.85   18.92    0.20    0.18    0.09    0.25
C03                     7.73    6.60    1.23   30.88   13.48   31.67    0.23    0.20    0.05    0.30
C04                     8.12    6.74    0.86   31.19   15.73   37.71    0.24    0.21    0.03    0.32
C05                    24.21   23.36   13.19   55.43    7.51   14.64    0.74    0.69    0.55    0.41
C06                    25.44   22.94    7.26   55.00   14.61   33.50    0.72    0.64    0.30    0.42
C07                    28.19   23.30    3.42   55.37   24.17   53.87    0.75    0.63    0.12    0.46
C08                    28.69   23.40    2.96   55.48   25.68   57.30    0.73    0.61    0.10    0.49
C09                    39.78   39.92   30.27   69.41    4.05    4.12    1.13    1.10    1.18    0.50
C10                    40.39   39.60   25.45   69.18    6.95   11.76    1.04    1.00    0.93    0.46
C11                    41.86   39.43   20.72   69.05   11.98   20.49    1.00    0.99    0.77    0.45
C12                    43.84   39.26   13.36   68.93   18.38   37.46    0.60    0.70    0.47    0.46
C13                    50.97   57.46   56.03   80.43  -11.39   -9.51    1.01    1.15    0.84    0.45
C14                    53.92   47.61   46.82   74.57   21.52   -9.39    1.06    1.12    1.01    0.47
C15                    63.34   64.08   37.49   84.00    3.58   18.70    1.28    1.37    1.46    0.50
C16                    39.56   40.68   36.58   69.94    1.06   -4.29    1.30    1.30    1.40    0.52
C17                    50.48   45.46   32.18   73.19   18.54    7.69    1.07    1.12    1.40    0.63
C18                    47.93   55.31   38.49   79.21  -14.34    9.09    1.46    1.58    1.71    0.61
C19                    38.42   37.96   45.06   67.98    5.89  -18.66    1.46    1.49    1.48    0.54
C20                     7.76   10.76   15.12   39.17  -21.96  -18.45    0.34    0.43    0.77    0.48
C21                     6.10    3.38    5.53   21.52   37.50  -16.52    0.23    0.12    0.24    0.45
C22                    14.22   14.01    1.61   44.24    4.47   50.00    0.45    0.43    0.05    0.46
D01                     4.13    4.42    3.07   25.01   -1.81    3.96    0.12    0.13    0.12    0.25
D02                     4.12    4.50    2.08   25.27   -3.04   12.52    0.12    0.13    0.09    0.24
D03                     4.29    4.65    1.35   25.70   -2.58   21.12    0.14    0.15    0.05    0.25
D04                     4.54    4.87    0.87   26.35   -2.04   29.11    0.15    0.16    0.03    0.26
D05                    17.70   18.54   10.27   50.14   -0.94   14.22    0.53    0.55    0.45    0.35
D06                    17.42   18.35    5.50   49.91   -1.48   32.57    0.47    0.49    0.20    0.35
D07                    17.09   18.15    2.50   49.68   -2.27   50.92    0.47    0.49    0.08    0.46
D08                    18.53   19.52    1.81   51.29   -1.53   60.08    0.49    0.52    0.05    0.56
D09                    46.34   48.42   26.42   75.08   -0.96   20.24    1.20    1.25    1.02    0.52
D10                    44.84   47.16   14.78   74.29   -1.82   42.95    1.08    1.15    0.52    0.46
D11                    44.19   47.58    7.29   74.55   -4.84   67.07    1.03    1.13    0.23    0.47
D12                    44.27   47.74    4.98   74.66   -5.04   77.87    1.02    1.09    0.14    0.53
D13                    48.25   55.79   55.94   79.49  -14.67  -11.04    0.96    1.10    0.84    0.43
D14                    49.67   41.94   42.76   70.82   26.57  -10.93    0.93    0.93    1.06    0.41
D15                    62.05   62.55   32.32   83.20    4.08   24.74    1.17    1.29    1.47    0.64
D16                    30.25   31.05   27.80   62.54    1.15   -3.70    1.07    1.04    1.32    0.58
D17                    43.79   37.76   24.37   67.84   22.96   11.39    0.93    0.92    1.14    0.53
D18                    43.01   50.76   32.17   76.53  -16.83   13.47    1.45    1.58    1.64    0.58
D19                    31.23   30.13   40.43   61.76    8.16  -23.58    1.27    1.23    1.48    0.45
D20                     4.51    6.18    8.57   29.86  -17.61  -14.90    0.22    0.27    0.48    0.38
D21                     3.76    2.23    3.60   16.65   28.79  -14.09    0.16    0.09    0.18    0.40
D22                     8.74    8.58    1.25   35.16    4.06   38.78    0.30    0.28    0.04    0.45
E01                     5.53    6.56    4.16   30.78   -8.86    6.78    0.16    0.18    0.16    0.28
E02                     5.18    6.62    2.47   30.92  -13.63   18.78    0.15    0.18    0.10    0.25
E03                     4.94    6.83    1.46   31.41  -18.67   29.67    0.14    0.18    0.05    0.27
E04                     5.03    7.04    1.40   31.90  -19.61   31.25    0.15    0.20    0.05    0.31
E05                    25.12   28.43   16.92   60.27   -9.44   13.59    0.80    0.89    0.76    0.53
E06                    22.35   27.89   10.24   59.78  -19.56   30.91    0.68    0.85    0.41    0.50
E07                    20.11   28.20    5.60   60.06  -31.33   49.57    0.54    0.75    0.19    0.50
E08                    18.06   26.76    3.93   58.74  -36.12   56.40    0.47    0.69    0.12    0.52
E09                    45.02   49.03   35.78   75.46   -6.37    6.35    1.21    1.25    1.30    0.48
E10                    41.63   47.84   26.85   74.72  -13.14   18.87    1.07    1.16    1.01    0.54
E11                    39.31   47.85   21.01   74.73  -20.36   29.68    0.94    1.07    0.75    0.43
E12                    36.87   47.72   14.73   74.64  -27.82   43.68    0.76    0.88    0.45    0.35
E13                    45.13   53.69   56.07   78.28  -18.16  -13.27    0.93    1.07    0.95    0.40
E14                    45.15   36.62   37.76   66.98   30.55  -11.02    0.95    0.90    1.25    0.48
E15                    60.02   60.57   25.75   82.14    3.88   33.59    1.11    1.29    1.25    0.64
E16                    22.97   23.77   20.76   55.85    0.20   -2.33    0.88    0.85    1.08    0.59
E17                    39.11   32.36   18.74   63.64   26.85   15.33    0.85    0.83    0.99    0.56
E18                    38.15   46.20   26.53   73.66  -19.46   17.62    1.43    1.63    1.53    0.61
E19                    25.31   23.91   35.67   55.98    9.81  -27.07    1.09    1.02    1.55    0.48
E20                     2.42    3.22    4.42   20.89  -12.68  -11.74    0.12    0.14    0.26    0.36
E21                     1.82    1.20    1.99   10.52   18.81  -12.00    0.08    0.05    0.10    0.34
E22                     4.10    4.13    0.90   24.08    1.79   24.70    0.14    0.14    0.03    0.33
F01                     3.57    4.60    3.71   25.56  -12.47    0.53    0.10    0.13    0.16    0.26
F02                     3.20    4.97    3.07   26.65  -23.14    6.82    0.09    0.14    0.13    0.28
F03                     2.94    5.43    2.73   27.92  -33.05   11.50    0.08    0.14    0.11    0.24
F04                     2.57    5.16    2.56   27.18  -36.79   11.66    0.08    0.16    0.11    0.24
F05                    12.98   15.48   12.31   46.28  -12.22    1.32    0.45    0.49    0.56    0.38
F06                    10.54   14.57   10.45   45.03  -24.01    4.79    0.34    0.43    0.45    0.40
F07                     9.08   14.69    9.25   45.20  -36.35    9.11    0.28    0.43    0.37    0.38
F08                     8.12   15.22    8.17   45.93  -47.84   14.27    0.22    0.41    0.30    0.45
F09                    29.95   34.41   27.70   65.28  -11.74    1.16    0.87    0.97    1.06    0.43
F10                    26.88   34.30   25.42   65.20  -23.36    4.95    0.76    0.92    0.93    0.47
F11                    23.62   34.31   22.96   65.20  -37.16    9.45    0.63    0.83    0.84    0.46
F12                    20.40   32.94   20.45   64.11  -47.40   12.51    0.44    0.60    0.70    0.48
F13                    41.22   50.02   54.97   76.08  -20.24  -15.91    0.82    0.99    0.78    0.37
F14                    41.47   32.11   34.80   63.43   35.04  -13.01    0.85    0.76    1.23    0.50
F15                    57.94   58.28   20.91   80.89    4.30   40.52    1.04    1.26    1.01    0.62
F16                    16.54   17.06   14.95   48.33    0.50   -2.23    0.62    0.60    0.81    0.45
F17                    34.54   27.20   13.67   59.15   31.14   19.76    0.71    0.67    0.73    0.49
F18                    33.71   42.09   21.06   70.92  -22.48   23.05    1.25    1.48    1.25    0.58
F19                    20.64   18.73   31.80   50.35   13.02  -31.10    0.90    0.80    1.52    0.50
F20                     0.96    1.27    1.51   11.07   -9.26   -6.01    0.05    0.06    0.09    0.31
F21                     0.73    0.52    0.76    4.70    9.04   -6.23    0.03    0.02    0.04    0.30
F22                     1.43    1.48    0.49   12.50   -0.03   12.26    0.05    0.05    0.02    0.25
G01                     2.55    3.18    3.09   20.74   -9.35   -3.52    0.08    0.10    0.14    0.28
G02                     2.42    3.47    3.53   21.83  -16.61   -4.71    0.08    0.11    0.16    0.28
G03                     2.29    3.79    3.86   22.97  -24.32   -4.86    0.08    0.12    0.18    0.32
G04                     1.89    3.58    3.95   22.21  -29.99   -6.73    0.08    0.13    0.22    0.33
G05                    13.47   15.65   14.52   46.51  -10.06   -4.27    0.48    0.51    0.69    0.44
G06                    11.45   15.18   15.20   45.88  -21.00   -7.07    0.40    0.47    0.70    0.50
G07                    10.10   15.38   15.92   46.14  -32.21   -8.41    0.36    0.51    0.71    0.46
G08                     9.11   15.57   16.20   46.40  -41.25   -8.64    0.28    0.43    0.64    0.53
G09                    30.35   34.36   31.84   65.24  -10.09   -5.51    0.89    0.98    1.17    0.48
G10                    27.64   35.01   33.36   65.75  -22.70   -6.91    0.79    0.93    1.18    0.51
G11                    24.47   35.00   35.24   65.74  -35.79   -9.65    0.66    0.83    1.20    0.50
G12                    22.78   34.76   35.63   65.56  -42.45  -10.53    0.56    0.70    1.15    0.55
G13                    38.64   48.14   54.58   74.91  -23.24  -17.50    0.80    1.00    0.83    0.38
G14                    37.43   27.39   31.18   59.33   40.04  -14.69    0.79    0.67    1.23    0.56
G15                    56.18   56.20   16.76   79.72    4.99   47.50    1.02    1.25    0.82    0.63
G16                    11.50   11.89   10.52   41.04    0.20   -2.28    0.44    0.43    0.56    0.40
G17                    30.19   22.26   10.05   54.30   36.50   22.11    0.58    0.53    0.50    0.41
G18                    29.68   38.55   17.10   68.42  -26.29   27.24    1.05    1.31    0.89    0.51
G19                    16.57   14.53   29.06   44.97   15.17  -36.09    0.72    0.63    1.33    0.52
G20                     8.55    3.97    0.21   23.58   52.34   36.64    0.29    0.13    0.01    0.63
G21                    10.34   16.56    2.73   47.69  -36.97   45.65    0.37    0.57    0.09    0.58
G22                     2.04    1.28    9.64   11.13   21.29  -50.96    0.07    0.05    0.33    0.39
H01                     2.73    3.21    3.96   20.87   -6.54   -9.12    0.10    0.11    0.20    0.37
H02                     2.67    3.48    5.36   21.86  -11.89  -15.12    0.09    0.11    0.27    0.46
H03                     2.58    3.73    6.61   22.74  -17.53  -19.38    0.11    0.13    0.35    0.52
H04                     2.41    3.70    7.77   22.65  -20.34  -24.31    0.11    0.14    0.42    0.50
H05                    10.70   12.52   14.39   42.02   -9.87  -11.66    0.36    0.38    0.64    0.44
H06                     9.40   12.19   18.15   41.51  -17.81  -21.54    0.33    0.36    0.82    0.60
H07                     8.66   12.60   22.46   42.15  -26.73  -29.32    0.28    0.35    0.91    0.60
H08                     8.55   12.59   23.53   42.13  -27.64  -31.40    0.26    0.33    0.86    0.58
H09                    31.81   34.13   34.40   65.06   -3.94   -9.62    0.91    0.95    1.17    0.48
H10                    30.32   33.91   38.42   64.88   -8.66  -15.53    0.85    0.92    1.13    0.40
H11                    29.30   34.15   42.31   65.07  -13.33  -20.28    0.86    1.01    1.19    0.54
H12                    27.53   34.98   49.92   65.72  -23.01  -28.24    0.70    0.95    0.78    0.59
H13                    35.48   45.64   54.37   73.31  -26.67  -20.05    0.76    0.99    0.72    0.43
H14                    33.91   23.39   28.24   55.47   44.84  -16.64    0.76    0.63    1.21    0.57
H15                    55.59   55.63   13.58   79.40    4.94   54.91    1.01    1.27    0.69    0.59
H16                     7.31    7.60    6.63   33.13   -0.22   -1.55    0.32    0.33    0.37    0.34
H17                    25.77   17.52    6.33   48.90   42.31   26.95    0.48    0.40    0.29    0.30
H18                    26.24   35.58   13.33   66.18  -30.27   32.81    0.94    1.23    0.66    0.51
H19                    12.28   10.33   24.89   38.42   16.94  -40.26    0.57    0.47    1.15    0.45
H20                     6.12    2.97    0.22   19.93   44.57   30.14    0.22    0.11    0.01    0.58
H21                     7.52   11.70    2.16   40.73  -30.96   38.43    0.26    0.39    0.07    0.42
H22                     1.48    0.90    6.56    8.09   20.40  -44.45    0.06    0.03    0.24    0.39
I01                     4.56    4.68    7.39   25.79    0.61  -17.39    0.16    0.15    0.35    0.46
I02                     4.63    4.68   11.05   25.80    1.54  -30.22    0.17    0.15    0.54    0.59
I03                     4.90    4.94   16.68   26.56    1.76  -43.96    0.20    0.17    0.77    0.67
I04                     5.33    5.40   21.35   27.84    1.45  -51.84    0.19    0.16    0.84    0.65
I05                    15.01   15.58   17.63   46.41   -0.04  -11.92    0.41    0.38    0.73    0.56
I06                    15.03   15.40   22.30   46.17    1.07  -22.07    0.44    0.38    0.93    0.59
I07                    15.45   15.53   28.99   46.34    2.82  -33.60    0.51    0.47    1.11    0.46
I08                    15.79   15.67   36.48   46.53    4.00  -44.53    0.44    0.44    0.92    0.39
I09                    33.10   33.98   34.27   64.94    1.17   -9.64    0.91    0.88    1.11    0.43
I10                    32.79   33.32   37.94   64.41    2.38  -15.70    0.89    0.87    1.18    0.51
I11                    33.00   33.39   42.20   64.47    2.86  -21.18    0.85    0.85    1.03    0.48
I12                    32.95   33.36   45.37   64.45    2.79  -25.13    0.90    0.95    1.00    0.56
I13                    32.43   43.18   53.59   71.68  -30.19  -22.02    0.72    0.95    0.83    0.45
I14                    29.78   19.05   24.82   50.74   50.29  -18.89    0.66    0.49    1.12    0.64
I15                    55.16   55.20   10.59   79.15    4.93   63.19    0.92    1.17    0.49    0.51
I16                     4.05    4.30    4.02   24.63   -1.33   -2.98    0.17    0.18    0.23    0.24
I17                    22.08   13.79    4.04   43.92   47.60   30.17    0.39    0.29    0.19    0.28
I18                    23.04   32.36   10.50   63.63  -32.99   36.71    0.80    1.08    0.49    0.46
I19                     8.58    6.77   21.09   31.27   19.43  -45.39    0.40    0.30    1.01    0.52
I20                     4.37    2.29    0.25   16.94   36.28   24.58    0.16    0.08    0.01    0.46
I21                     5.08    7.87    1.64   33.70  -26.89   31.50    0.19    0.29    0.06    0.43
I22                     1.07    0.68    4.53    6.16   16.00  -37.77    0.04    0.02    0.16    0.42
J01                     1.19    1.09    1.99    9.74    4.60  -13.36    0.04    0.04    0.10    0.32
J02                     1.41    1.10    3.41    9.83   10.92  -24.58    0.06    0.04    0.20    0.54
J03                     1.64    1.11    4.87    9.88   16.98  -33.21    0.07    0.04    0.28    0.64
J04                     1.93    1.20    6.87   10.52   21.35  -41.57    0.09    0.04    0.38    0.71
J05                     9.81    9.39   11.89   36.73    6.09  -13.90    0.29    0.26    0.55    0.56
J06                    10.78    9.40   16.42   36.74   13.54  -25.79    0.31    0.24    0.69    0.63
J07                    11.59    9.27   21.85   36.49   20.49  -37.91    0.35    0.25    0.85    0.54
J08                    12.26    9.10   27.14   36.17   26.56  -48.09    0.35    0.25    0.87    0.48
J09                    28.33   28.49   28.47   60.32    3.41   -8.65    0.83    0.79    1.07    0.52
J10                    28.98   28.02   32.79   59.90    7.72  -16.14    0.83    0.75    1.14    0.51
J11                    30.19   28.35   37.40   60.19   11.06  -22.24    0.79    0.70    1.05    0.45
J12                    31.48   28.58   43.08   60.40   14.94  -29.30    0.77    0.71    0.91    0.47
J13                    29.41   40.49   52.82   69.82  -33.35  -24.40    0.62    0.81    0.81    0.41
J14                    26.32   15.53   21.64   46.35   55.58  -20.47    0.48    0.32    0.90    0.57
J15                    53.46   52.74    7.33   77.72    6.80   72.37    0.87    1.11    0.31    0.41
J16                     1.97    2.10    1.96   16.00   -1.30   -2.34    0.08    0.08    0.11    0.26
J17                    18.80   10.70    2.18   39.07   52.55   35.41    0.31    0.21    0.10    0.23
J18                    19.11   28.43    7.38   60.27  -37.25   42.06    0.65    0.93    0.33    0.49
J19                     5.71    4.11   17.56   24.04   22.28  -50.35    0.27    0.18    0.86    0.54
J20                     2.73    1.54    0.22   12.83   28.05   17.89    0.11    0.06    0.01    0.43
J21                     3.34    4.96    1.18   26.62  -20.74   24.93    0.13    0.19    0.04    0.36
J22                     0.81    0.53    2.89    4.83   11.95  -29.53    0.03    0.02    0.11    0.45
K01                     2.31    1.95    2.97   15.20    9.64  -12.23    0.08    0.06    0.14    0.37
K02                     3.13    2.05    4.24   15.73   22.72  -19.64    0.11    0.07    0.21    0.47
K03                     3.97    2.10    5.52   16.02   34.63  -25.93    0.14    0.07    0.28    0.51
K04                     4.23    2.10    5.95   16.01   38.30  -28.05    0.15    0.07    0.31    0.55
K05                     8.04    6.76    8.67   31.24   14.81  -12.89    0.25    0.19    0.39    0.49
K06                     9.65    6.60   11.60   30.88   30.09  -23.14    0.28    0.18    0.51    0.59
K07                    11.48    6.55   15.38   30.75   44.42  -33.61    0.35    0.18    0.65    0.57
K08                    12.92    6.67   17.56   31.05   53.02  -38.26    0.37    0.18    0.64    0.54
K09                    24.88   23.32   23.85   55.39   10.58   -9.12    0.73    0.64    0.97    0.51
K10                    26.54   22.90   27.09   54.96   19.36  -15.59    0.77    0.61    1.03    0.56
K11                    29.92   23.68   32.88   55.77   29.17  -23.42    0.80    0.60    1.05    0.51
K12                    33.49   24.27   37.99   56.35   39.58  -29.67    0.86    0.66    0.92    0.48
K13                    26.97   38.16   52.20   68.13  -35.66  -26.62    0.56    0.77    0.76    0.38
K14                    22.79   12.30   18.39   41.68   60.50  -21.77    0.38    0.22    0.81    0.67
K15                    53.45   52.52    5.15   77.59    7.33   82.05    0.87    1.11    0.20    0.43
K16                     0.77    0.84    0.77    7.62   -1.70   -1.34    0.03    0.03    0.04    0.18
K17                    15.40    7.82    0.93   33.60   57.48   40.72    0.20    0.11    0.04    0.21
K18                    15.55   24.79    4.97   56.86  -41.91   47.22    0.52    0.80    0.21    0.51
K19                     3.83    2.52   15.13   18.01   24.02  -54.96    0.17    0.10    0.71    0.62
K20                     1.65    0.87    0.14    7.89   25.84   10.98    0.06    0.03    0.01    0.39
K21                     2.00    2.81    0.86   19.24  -14.65   17.16    0.07    0.10    0.03    0.22
K22                     0.51    0.37    1.69    3.33    6.15  -21.42    0.02    0.01    0.06    0.32
L01                     2.20    1.86    2.06   14.71    9.51   -5.49    0.07    0.06    0.10    0.29
L02                     2.96    1.99    2.50   15.40   21.08   -8.16    0.11    0.07    0.13    0.40
L03                     3.70    2.03    2.68   15.64   32.32   -9.20    0.12    0.07    0.15    0.45
L04                     4.03    2.00    2.71   15.49   37.77   -9.78    0.13    0.06    0.16    0.44
L05                     8.30    6.76    6.88   31.26   17.05   -5.86    0.26    0.20    0.33    0.46
L06                     9.92    6.44    7.48   30.50   33.85   -9.64    0.28    0.17    0.33    0.45
L07                    12.49    6.65    8.30   30.98   50.47  -11.99    0.34    0.17    0.34    0.45
L08                    14.80    7.03    8.66   31.88   61.31  -11.78    0.31    0.15    0.35    0.46
L09                    24.92   23.44   21.25   55.52   10.22   -3.91    0.77    0.68    0.91    0.58
L10                    27.14   23.30   21.95   55.38   20.00   -5.52    0.86    0.69    0.93    0.57
L11                    30.58   23.72   23.51   55.80   31.46   -7.77    0.84    0.63    0.97    0.58
L12                    34.13   24.60   24.53   56.68   40.43   -8.15    0.60    0.50    0.91    0.56
L13                    24.84   35.86   51.41   66.41  -37.06  -28.72    0.51    0.73    0.72    0.38
L14                    19.59    9.60   16.28   37.12   64.96  -24.81    0.31    0.16    0.67    0.64
L15                    53.38   52.11    3.92   77.34    8.20   88.53    0.87    1.09    0.14    0.50
L16                     0.08    0.09    0.09    0.82   -0.20   -0.33    0.00    0.00    0.01    0.03
L17                    11.07    4.93    0.17   26.55   59.61   42.48    0.11    0.05    0.01    0.15
L18                    13.58   22.24    3.48   54.28  -42.78   51.56    0.42    0.68    0.13    0.49
L19                     2.51    1.50   12.36   12.59   24.95  -56.91    0.12    0.06    0.58    0.64
L20                     0.60    0.40    0.13    3.61    8.79    3.79    0.02    0.02    0.01    0.21
L21                     0.83    1.13    0.49   10.03   -9.92    8.01    0.03    0.04    0.02    0.18
L22                     0.21    0.19    0.68    1.76    0.91   -9.79    0.01    0.01    0.03    0.17
Dmin                   70.92   71.57   58.14   87.75    4.09    0.94    1.65    1.72    1.51    0.33
GS01                   57.94   60.34   52.66   82.01   -0.58   -3.17    1.59    1.67    1.59    0.41
GS02                   50.62   52.39   46.08   77.51    0.28   -3.45    1.28    1.30    1.55    0.47
GS03                   44.22   45.89   40.11   73.47   -0.08   -2.96    1.24    1.23    1.56    0.56
GS04                   38.00   39.36   34.50   69.00    0.16   -2.96    1.14    1.13    1.42    0.59
GS05                   33.11   34.27   30.16   65.17    0.24   -3.02    0.94    0.92    1.11    0.46
GS06                   28.56   29.56   25.80   61.27    0.23   -2.49    0.84    0.82    1.00    0.51
GS07                   24.71   25.66   22.17   57.71   -0.16   -1.94    0.71    0.68    0.93    0.55
GS08                   21.21   21.98   18.97   54.00    0.09   -1.81    0.59    0.57    0.80    0.55
GS09                   17.94   18.54   16.13   50.14    0.34   -2.01    0.54    0.52    0.72    0.53
GS10                   15.03   15.61   13.64   46.46   -0.17   -2.06    0.44    0.44    0.58    0.52
GS11                   12.57   13.13   11.57   42.96   -0.65   -2.21    0.38    0.39    0.51    0.45
GS12                   10.22   10.66    9.52   39.00   -0.48   -2.51    0.30    0.31    0.39    0.42
GS13                    8.03    8.40    7.46   34.80   -0.64   -2.13    0.23    0.23    0.31    0.39
GS14                    6.19    6.54    6.03   30.73   -1.23   -3.02    0.19    0.19    0.27    0.43
GS15                    4.56    4.86    4.73   26.33   -1.70   -4.09    0.15    0.15    0.23    0.39
GS16                    3.33    3.59    3.46   22.26   -2.16   -3.46    0.11    0.12    0.17    0.33
GS17                    2.30    2.47    2.42   17.78   -1.61   -3.39    0.07    0.08    0.11    0.28
GS18                    1.58    1.70    1.66   13.85   -1.70   -2.89    0.05    0.05    0.07    0.22
GS19                    1.01    1.09    1.04    9.69   -1.44   -2.30    0.03    0.04    0.05    0.16
GS20                    0.48    0.55    0.55    4.99   -1.99   -1.78    0.02    0.02    0.02    0.11
GS21                    0.24    0.29    0.32    2.62   -1.45   -1.47    0.01    0.01    0.01    0.08
GS22                    0.11    0.13    0.15    1.15   -0.50   -0.82    0.01    0.01    0.01    0.04
Dmax                    0.08    0.09    0.08    0.81   -0.11   -0.08    0.01    0.01    0.00    0.03
END_DATA
