IT8.7/1
ORIGINATOR          "X-Rite, Inc."
DESCRIPTOR          "IT8.7/1 Reference Data File, 4x5 Ektachrome"
CREATED             "Sunday, February 19, 2006"
MANUFACTURER        "X-Rite, Inc."
PROD_DATE           "2006:01"
SERIAL              "Batch Average Data"
MATERIAL            "Kodak Ektachrome Product Family"
NUMBER_OF_FIELDS          11
BEGIN_DATA_FORMAT
SAMPLE_ID           XYZ_X   XYZ_Y   XYZ_Z   LAB_L   LAB_A   LAB_B   STDEV_X STDEV_Y STDEV_Z STDEV_DE
END_DATA_FORMAT
NUMBER_OF_SETS 288
#
BEGIN_DATA
#ID                      X       Y       Z       L       A       B     SD_X    SD_Y    SD_Z   SD_dE
A01                     1.73    1.51    1.19   12.58    7.53    0.76    0.25    0.26    0.27    1.32
A02                     2.16    1.48    0.97   12.44   18.19    3.71    0.24    0.24    0.24    1.59
A03                     2.80    1.58    0.85   13.08   28.30    6.86    0.22    0.19    0.19    1.48
A04                     3.23    1.68    0.77   13.67   33.17    9.26    0.22    0.17    0.16    1.34
A05                     8.29    7.05    5.54   31.90   14.21    1.39    0.45    0.39    0.51    0.60
A06                    10.06    7.11    4.68   32.04   28.24    6.07    0.47    0.35    0.43    0.59
A07                    12.38    7.38    4.09   32.64   42.51   10.47    0.57    0.36    0.40    0.64
A08                    16.32    8.47    3.61   34.95   56.99   17.45    0.32    0.22    0.36    0.79
A09                    24.29   23.40   19.62   55.46    7.67   -0.61    1.30    1.22    1.53    0.88
A10                    26.64   23.79   18.63   55.86   15.85    2.19    1.32    1.15    1.45    0.86
A11                    29.21   24.14   17.33   56.21   24.47    5.71    1.29    1.09    1.31    0.85
A12                    32.47   25.21   16.63   57.27   31.99    9.14    1.06    0.94    1.27    0.90
A13                    58.24   62.44   49.86   83.14   -4.71    1.87    1.81    1.89    1.57    0.63
A14                    58.98   58.55   47.43   81.03    6.15    1.04    1.79    1.85    1.51    0.67
A15                    61.16   63.28   47.00   83.58    0.34    5.94    1.82    1.88    1.57    0.66
A16                    56.47   58.62   47.28   81.07   -0.12    1.28    1.88    1.96    1.57    0.64
A17                    59.44   59.39   46.44   81.49    5.27    2.99    1.87    1.90    1.63    0.62
A18                    58.46   62.83   48.30   83.34   -5.05    4.00    1.89    1.95    1.62    0.52
A19                    56.80   58.97   49.29   81.26   -0.14   -0.71    2.05    2.12    1.72    0.55
A20                    15.32   21.91   37.83   53.92  -30.60  -33.64    0.61    0.86    1.28    0.59
A21                    15.74    7.73   10.66   33.42   60.22  -15.86    0.46    0.23    0.51    0.64
A22                    43.70   39.57    2.64   69.15   17.00   83.33    1.00    1.08    0.09    0.70
B01                     2.62    2.35    1.44   17.20    7.15    5.34    0.13    0.12    0.10    0.33
B02                     3.19    2.39    0.92   17.41   16.50   12.92    0.18    0.14    0.07    0.38
B03                     3.74    2.40    0.53   17.47   24.96   20.21    0.18    0.12    0.04    0.41
B04                     4.34    2.47    0.24   17.77   32.21   26.02    0.19    0.11    0.02    0.54
B05                    10.98    9.62    5.96   37.14   13.21    8.40    0.53    0.48    0.51    0.57
B06                    12.84    9.72    3.92   37.32   25.41   19.55    0.82    0.65    0.40    0.84
B07                    15.08    9.81    2.32   37.49   38.75   31.48    0.66    0.47    0.21    0.48
B08                    18.00   10.34    1.37   38.43   51.08   42.91    0.54    0.38    0.12    0.34
B09                    29.38   28.72   23.23   60.51    6.56    0.93    1.63    1.59    1.74    0.89
B10                    31.27   28.94   20.24   60.71   12.79    7.13    1.53    1.40    1.52    0.81
B11                    33.85   29.68   18.02   61.36   19.22   13.01    1.40    1.26    1.33    0.80
B12                    36.44   30.31   15.88   61.91   25.65   18.93    1.09    1.07    1.20    0.83
B13                    53.21   57.42   48.21   80.40   -5.46   -0.95    1.87    1.99    1.70    0.67
B14                    53.57   53.02   45.40   77.87    6.38   -2.00    1.82    1.87    1.52    0.66
B15                    56.57   58.98   45.31   81.27   -0.75    3.96    1.81    1.89    1.58    0.62
B16                    49.69   51.35   44.16   76.88    0.48   -2.22    1.78    1.87    1.56    0.62
B17                    53.63   53.36   43.92   78.08    5.65    0.14    1.86    1.88    1.61    0.64
B18                    53.05   57.47   46.30   80.43   -5.98    1.33    1.73    1.81    1.53    0.57
B19                    50.49   52.21   46.72   77.39    0.41   -4.40    1.84    1.91    1.60    0.62
B20                     9.59   13.65   24.92   43.71  -25.79  -31.20    0.40    0.51    1.06    0.56
B21                     9.39    4.72    7.56   25.92   49.28  -17.86    0.34    0.18    0.37    0.59
B22                    26.55   24.07    2.00   56.15   14.25   66.50    0.93    0.83    0.08    0.69
C01                     5.46    5.25    3.11   27.43    4.72    7.90    0.27    0.26    0.23    0.42
C02                     5.64    5.05    1.81   26.86    9.23   17.92    0.28    0.27    0.13    0.45
C03                     6.05    5.05    0.99   26.86   13.90   28.13    0.27    0.24    0.07    0.43
C04                     6.55    5.20    0.62   27.27   17.50   35.37    0.29    0.24    0.04    0.48
C05                    20.80   19.99   11.01   51.81    7.53   14.78    0.92    0.88    0.87    0.67
C06                    22.47   19.96    5.98   51.78   15.48   33.54    0.95    0.86    0.49    0.64
C07                    25.29   20.53    2.76   52.41   25.14   53.58    0.98    0.84    0.20    0.58
C08                    29.37   22.12    1.48   54.14   34.04   68.61    0.73    0.70    0.09    0.51
C09                    35.58   35.48   26.15   66.10    4.65    5.29    1.72    1.70    1.86    0.88
C10                    36.46   35.32   21.66   65.98    8.13   13.36    1.63    1.58    1.56    0.80
C11                    39.09   36.54   17.80   66.91   12.63   23.08    1.45    1.42    1.26    0.72
C12                    41.07   37.16   15.26   67.39   16.73   29.90    1.30    1.36    1.12    0.73
C13                    47.42   54.77   48.99   78.90  -14.42   -4.45    1.60    1.76    1.59    0.57
C14                    48.59   43.97   42.26   72.19   17.69   -7.93    1.68    1.64    1.54    0.65
C15                    56.03   58.89   38.16   81.22   -1.86   13.01    1.84    1.89    1.88    0.73
C16                    36.94   38.21   33.71   68.16    0.33   -3.25    1.57    1.59    1.70    0.71
C17                    46.15   42.44   32.97   71.16   15.37    3.02    1.60    1.54    1.57    0.63
C18                    45.04   52.77   38.80   77.73  -16.10    6.12    1.55    1.69    1.71    0.62
C19                    40.34   41.06   43.76   70.20    2.33  -13.23    1.57    1.61    1.50    0.62
C20                     5.92    8.70   15.45   35.40  -24.34  -25.76    0.28    0.36    0.77    0.57
C21                     5.55    2.86    5.13   19.47   40.12  -18.05    0.24    0.13    0.28    0.48
C22                    15.96   15.06    1.52   45.70    8.51   53.60    0.54    0.49    0.06    0.51
D01                     3.46    3.64    2.15   22.43   -0.76    6.99    0.18    0.19    0.16    0.40
D02                     3.30    3.50    1.32   21.95   -1.33   15.11    0.16    0.17    0.09    0.37
D03                     3.35    3.53    0.80   22.05   -0.92   23.00    0.17    0.17    0.05    0.42
D04                     3.52    3.71    0.65   22.67   -0.89   26.76    0.17    0.19    0.05    0.46
D05                    15.44   16.10    8.86   47.10   -0.50   13.81    0.73    0.74    0.76    0.68
D06                    15.45   16.26    4.72   47.30   -1.32   32.15    0.65    0.69    0.38    0.53
D07                    15.29   16.18    2.19   47.19   -1.79   49.28    0.63    0.68    0.15    0.56
D08                    15.90   16.71    1.65   47.88   -1.23   55.82    0.66    0.71    0.10    0.62
D09                    41.78   43.27   22.76   71.72    0.16   21.15    1.92    2.02    1.83    0.92
D10                    42.88   45.28   13.69   73.06   -2.30   43.72    1.62    1.77    0.96    0.67
D11                    41.92   44.41    6.52   72.49   -2.69   66.80    1.51    1.65    0.43    0.56
D12                    41.58   44.61    3.57   72.62   -4.30   82.64    1.40    1.51    0.21    0.70
D13                    42.36   51.46   49.20   76.95  -20.57   -8.06    1.35    1.54    1.42    0.51
D14                    43.43   36.35   38.49   66.77   26.44  -12.36    1.46    1.34    1.50    0.59
D15                    55.62   58.91   29.65   81.23   -2.94   25.52    1.87    1.95    1.80    0.75
D16                    27.06   27.80   24.53   59.69    1.02   -2.92    1.19    1.17    1.43    0.71
D17                    39.15   33.64   23.71   64.66   22.53    7.16    1.38    1.26    1.45    0.75
D18                    39.75   49.66   31.22   75.85  -23.81   13.77    1.44    1.62    1.80    0.81
D19                    31.36   31.35   40.62   62.79    4.19  -22.05    1.25    1.26    1.41    0.55
D20                     3.38    5.00    9.08   26.71  -20.59  -22.15    0.18    0.23    0.50    0.53
D21                     3.16    1.73    3.38   14.01   30.57  -17.14    0.15    0.09    0.21    0.46
D22                     8.46    8.19    1.05   34.37    5.02   40.17    0.31    0.29    0.05    0.39
E01                     4.76    5.42    3.28   27.88   -5.80    7.44    0.21    0.24    0.21    0.41
E02                     4.18    5.25    1.98   27.42  -11.51   17.23    0.21    0.26    0.13    0.48
E03                     3.86    5.33    1.25   27.66  -17.13   25.83    0.17    0.24    0.08    0.46
E04                     3.92    5.49    0.98   28.09  -18.19   30.38    0.17    0.24    0.06    0.46
E05                    21.40   24.19   14.41   56.26   -8.82   12.88    0.97    1.05    1.16    0.75
E06                    19.66   24.46    8.79   56.53  -18.39   30.30    0.80    0.99    0.66    0.62
E07                    18.24   25.16    4.65   57.22  -28.62   49.63    0.72    0.99    0.31    0.53
E08                    17.31   25.54    3.48   57.59  -35.15   57.31    0.70    1.00    0.21    0.59
E09                    40.48   44.13   30.68   72.29   -6.28    8.50    1.89    1.99    2.18    0.89
E10                    38.27   44.39   23.61   72.47  -13.96   20.82    1.60    1.78    1.62    0.76
E11                    36.88   44.95   18.96   72.84  -20.06   30.74    1.45    1.67    1.31    0.77
E12                    36.41   46.84   15.47   74.08  -26.90   40.90    1.22    1.42    1.04    0.73
E13                    38.74   48.87   49.45   75.36  -24.89  -11.08    1.17    1.37    1.32    0.45
E14                    38.99   30.40   35.09   61.99   33.56  -15.90    1.28    1.11    1.46    0.55
E15                    56.34   60.20   23.67   81.93   -4.18   37.02    1.84    1.94    1.52    0.79
E16                    19.48   20.21   17.35   52.06   -0.04   -1.53    0.85    0.83    1.08    0.69
E17                    34.44   27.67   17.10   59.58   28.95   12.01    0.99    0.88    1.10    0.73
E18                    35.89   47.22   24.86   74.32  -29.70   21.72    1.18    1.38    1.43    0.76
E19                    23.81   23.30   36.47   55.37    5.99  -29.25    0.94    0.92    1.28    0.52
E20                     1.44    2.14    3.91   16.22  -15.84  -16.81    0.09    0.11    0.22    0.41
E21                     1.31    0.80    1.69    7.18   19.29  -14.72    0.07    0.05    0.12    0.37
E22                     3.23    3.23    0.66   20.93    1.99   23.64    0.13    0.13    0.04    0.33
F01                     2.94    3.64    2.89   22.43   -9.49    0.86    0.14    0.17    0.19    0.38
F02                     2.56    3.88    2.51   23.25  -19.99    5.32    0.13    0.19    0.17    0.40
F03                     2.35    4.19    2.20   24.29  -28.76    9.76    0.11    0.18    0.15    0.36
F04                     2.17    4.24    1.95   24.43  -33.20   12.36    0.12    0.21    0.14    0.40
F05                    10.36   13.02   10.04   42.78  -15.71    2.30    0.52    0.59    0.82    0.72
F06                     8.02   12.64    8.17   42.21  -32.69    7.88    0.40    0.56    0.62    0.61
F07                     7.15   13.60    6.86   43.65  -47.08   15.63    0.32    0.54    0.51    0.52
F08                     7.10   13.50    6.80   43.49  -46.94   15.60    0.35    0.59    0.52    0.56
F09                    26.29   30.04   24.18   61.68  -10.65    1.16    1.25    1.34    1.79    0.89
F10                    23.89   30.74   21.92   62.27  -23.40    6.45    1.02    1.21    1.40    0.75
F11                    21.86   31.61   20.36   63.01  -35.72   10.85    0.98    1.27    1.36    0.72
F12                    19.44   31.31   18.74   62.76  -46.30   13.84    0.78    1.05    1.31    0.79
F13                    35.78   46.70   49.29   73.99  -28.59  -13.26    1.03    1.21    1.27    0.45
F14                    35.07   25.48   32.04   57.53   39.91  -19.09    1.07    0.87    1.39    0.54
F15                    55.34   58.95   19.09   81.26   -3.74   44.95    1.78    1.90    1.17    0.66
F16                    14.26   14.73   12.72   45.25    0.34   -1.59    0.60    0.58    0.77    0.58
F17                    29.36   21.77   12.02   53.77   35.60   15.10    0.71    0.61    0.70    0.55
F18                    31.89   43.66   20.33   71.99  -33.56   26.39    1.01    1.23    1.07    0.61
F19                    18.39   17.54   32.56   48.93    7.92  -34.72    0.76    0.70    1.24    0.53
F20                     0.43    0.68    1.11    6.13   -9.08   -9.35    0.04    0.05    0.08    0.35
F21                     0.49    0.36    0.65    3.27    5.79   -6.55    0.03    0.03    0.05    0.32
F22                     1.06    1.09    0.36    9.68    0.30    9.83    0.05    0.05    0.03    0.24
G01                     2.09    2.51    2.47   17.94   -6.89   -3.51    0.10    0.12    0.16    0.36
G02                     1.88    2.59    2.63   18.30  -13.39   -4.22    0.10    0.14    0.20    0.47
G03                     1.70    2.77    2.89   19.07  -21.11   -4.94    0.10    0.15    0.22    0.46
G04                     1.63    2.96    3.01   19.86  -26.38   -4.47    0.12    0.19    0.27    0.48
G05                    10.70   13.08   12.62   42.86  -13.54   -5.38    0.55    0.61    1.01    0.83
G06                     8.87   13.08   13.71   42.86  -28.08   -8.38    0.52    0.66    1.10    0.88
G07                     7.57   13.16   14.13   43.00  -40.27   -9.27    0.41    0.59    1.07    0.86
G08                     6.80   12.10   13.81   41.36  -40.72  -11.26    0.38    0.55    1.05    0.79
G09                    26.93   30.57   28.36   62.13   -9.98   -5.32    1.26    1.35    1.91    0.86
G10                    24.95   31.59   30.22   62.99  -21.93   -6.84    1.13    1.32    1.78    0.78
G11                    22.60   32.25   31.10   63.54  -34.62   -7.27    1.03    1.27    1.89    0.82
G12                    20.28   32.06   31.74   63.38  -44.86   -8.53    0.82    1.02    1.81    0.90
G13                    32.89   43.98   49.12   72.21  -30.91  -16.13    1.02    1.22    1.23    0.50
G14                    30.96   20.98   28.58   52.91   45.31  -21.61    0.91    0.68    1.23    0.52
G15                    55.36   58.23   15.33   80.86   -1.97   52.93    1.66    1.80    0.85    0.64
G16                     9.77   10.06    8.81   37.94    0.59   -1.85    0.43    0.42    0.54    0.51
G17                    25.61   17.38    8.23   48.73   42.37   18.91    0.50    0.44    0.53    0.58
G18                    27.39   39.29   15.96   68.96  -37.53   30.84    0.94    1.20    0.84    0.56
G19                    13.38   12.40   28.08   41.84    9.51  -39.88    0.59    0.54    1.13    0.56
G20                    11.78    5.54    0.32   28.22   57.47   42.68    0.29    0.16    0.04    0.33
G21                     9.61   15.65    2.25   46.50  -37.65   47.57    0.39    0.61    0.09    0.71
G22                     2.31    1.47   11.30   12.41   21.63  -54.08    0.12    0.08    0.52    0.59
H01                     2.19    2.51    2.99   17.94   -4.77   -7.60    0.10    0.11    0.20    0.37
H02                     2.05    2.59    3.87   18.29   -9.30  -12.93    0.12    0.14    0.31    0.54
H03                     1.91    2.64    5.01   18.52  -13.66  -19.05    0.13    0.15    0.39    0.57
H04                     1.91    2.87    6.08   19.51  -17.96  -22.56    0.15    0.19    0.52    0.65
H05                     8.73   10.14   12.18   38.08   -8.68  -12.36    0.47    0.50    1.00    0.80
H06                     7.71    9.94   15.12   37.72  -16.20  -20.91    0.44    0.49    1.13    0.81
H07                     7.16   10.25   19.29   38.27  -23.83  -29.55    0.41    0.46    1.37    0.93
H08                     6.44    9.38   19.84   36.69  -24.33  -33.45    0.39    0.44    1.39    0.90
H09                    28.92   30.93   30.99   62.43   -3.47   -9.00    1.31    1.32    1.92    0.80
H10                    27.43   30.70   34.83   62.24   -8.45  -15.07    1.23    1.32    1.81    0.74
H11                    26.43   30.95   38.43   62.45  -13.44  -19.72    1.21    1.40    1.74    0.66
H12                    25.23   30.51   41.36   62.07  -16.81  -24.22    1.14    1.40    1.49    0.68
H13                    30.55   41.93   48.77   70.82  -33.36  -18.14    0.91    1.11    1.14    0.50
H14                    27.85   17.57   25.21   48.97   50.47  -22.66    0.77    0.53    1.15    0.60
H15                    54.95   57.24   11.81   80.31   -0.61   61.46    1.57    1.72    0.59    0.63
H16                     6.38    6.55    5.76   30.75    0.61   -1.72    0.29    0.29    0.32    0.43
H17                    22.62   14.15    5.37   44.45   47.82   23.81    0.34    0.31    0.31    0.46
H18                    24.41   36.08   12.35   66.58  -39.65   36.21    0.85    1.12    0.61    0.45
H19                     9.47    8.46   24.25   34.92   11.16  -45.14    0.40    0.35    0.96    0.63
H20                     9.47    4.39    0.28   24.93   54.28   37.67    0.32    0.16    0.03    0.55
H21                     6.64   11.05    1.78   39.65  -34.96   40.25    0.27    0.43    0.07    0.60
H22                     1.66    0.99    8.25    8.93   21.50  -49.81    0.10    0.06    0.46    0.63
I01                     3.69    3.79    6.18   22.96    0.51  -17.08    0.18    0.17    0.40    0.51
I02                     3.80    3.78    9.21   22.92    2.28  -29.11    0.21    0.19    0.64    0.69
I03                     4.01    3.90   13.67   23.31    3.78  -42.01    0.23    0.19    0.86    0.75
I04                     4.26    4.05   17.90   23.81    5.13  -51.48    0.24    0.20    1.03    0.76
I05                    12.75   13.08   14.92   42.87    0.91  -11.53    0.60    0.57    1.10    0.78
I06                    13.16   13.35   20.09   43.27    1.88  -22.62    0.67    0.61    1.42    0.90
I07                    13.29   13.25   25.63   43.13    3.34  -33.45    0.62    0.55    1.46    0.75
I08                    13.09   12.93   29.94   42.64    4.17  -41.50    0.57    0.53    1.33    0.57
I09                    29.97   30.55   31.45   62.11    1.95  -10.26    1.27    1.23    1.83    0.78
I10                    29.92   30.43   35.14   62.01    2.20  -15.93    1.22    1.20    1.63    0.66
I11                    29.96   30.31   38.16   61.90    2.79  -20.32    1.28    1.31    1.58    0.58
I12                    29.90   30.09   40.71   61.72    3.38  -24.01    1.23    1.29    1.40    0.57
I13                    27.94   39.59   48.25   69.17  -36.26  -20.38    0.77    0.95    1.09    0.44
I14                    25.51   14.99   21.97   45.62   55.39  -22.39    0.55    0.37    1.02    0.61
I15                    54.10   55.71    9.24   79.44    0.99   68.19    1.38    1.53    0.46    0.58
I16                     3.48    3.64    3.27   22.45   -0.58   -1.87    0.16    0.16    0.19    0.36
I17                    19.50   11.30    3.18   40.08   51.76   29.18    0.28    0.22    0.19    0.43
I18                    20.99   32.25    9.38   63.54  -42.09   40.29    0.74    1.03    0.46    0.45
I19                     6.88    5.84   21.18   29.00   13.35  -49.48    0.30    0.25    0.86    0.64
I20                     5.40    2.59    0.25   18.30   43.45   26.80    0.19    0.09    0.03    0.52
I21                     4.42    7.48    1.46   32.86  -31.70   32.17    0.18    0.28    0.06    0.50
I22                     1.20    0.74    5.80    6.66   18.01  -43.45    0.08    0.05    0.37    0.61
J01                     1.24    1.04    2.29    9.28    8.04  -16.87    0.13    0.14    0.25    0.92
J02                     1.55    1.08    4.47    9.59   15.85  -31.48    0.14    0.14    0.42    1.09
J03                     1.85    1.08    7.39    9.58   23.42  -45.33    0.15    0.13    0.60    1.22
J04                     1.94    1.09    8.33    9.67   25.24  -48.80    0.16    0.12    0.68    1.11
J05                     8.17    7.72    9.88   33.37    6.71  -13.40    0.41    0.38    0.75    0.68
J06                     8.65    7.41   13.28   32.71   13.80  -24.75    0.45    0.37    1.00    0.78
J07                     9.49    7.49   18.07   32.88   20.08  -36.21    0.47    0.35    1.15    0.76
J08                     9.89    7.35   21.38   32.58   24.63  -43.70    0.49    0.35    1.20    0.67
J09                    25.09   24.96   25.59   57.02    4.39   -9.39    1.19    1.12    1.81    0.92
J10                    26.14   25.14   29.47   57.19    8.06  -15.65    1.13    1.04    1.66    0.79
J11                    26.95   25.13   33.20   57.18   11.39  -21.44    1.13    1.03    1.48    0.63
J12                    27.30   24.84   35.90   56.90   14.03  -25.82    1.09    1.00    1.37    0.52
J13                    25.92   37.37   47.50   67.55  -37.43  -22.31    0.71    0.91    1.06    0.42
J14                    22.55   12.52   19.54   42.02   57.95  -23.67    0.55    0.32    0.93    0.70
J15                    51.87   52.63    6.74   77.65    2.96   74.71    1.42    1.55    0.34    0.64
J16                     1.77    1.84    1.63   14.63   -0.10   -1.25    0.08    0.08    0.09    0.24
J17                    16.84    8.93    1.62   35.85   55.97   35.52    0.20    0.16    0.10    0.33
J18                    17.53   27.72    6.69   59.62  -42.76   43.86    0.66    0.97    0.33    0.51
J19                     4.96    3.83   18.38   23.09   17.44  -53.80    0.20    0.15    0.72    0.59
J20                     3.13    1.59    0.24   13.17   33.78   18.10    0.12    0.06    0.02    0.46
J21                     2.47    4.19    1.00   24.28  -26.25   23.45    0.11    0.18    0.05    0.44
J22                     0.75    0.46    3.66    4.13   12.43  -36.02    0.06    0.04    0.27    0.71
K01                     1.89    1.57    2.20   13.02    9.66   -9.71    0.09    0.07    0.15    0.42
K02                     2.49    1.65    3.38   13.52   20.49  -17.96    0.14    0.08    0.29    0.69
K03                     3.18    1.73    4.61   13.98   31.15  -24.70    0.18    0.09    0.40    0.79
K04                     3.58    1.84    5.14   14.62   34.79  -26.43    0.19    0.09    0.43    0.78
K05                     6.84    5.65    7.42   28.49   15.11  -12.84    0.33    0.27    0.57    0.64
K06                     8.37    5.68    9.93   28.59   29.16  -21.80    0.38    0.25    0.75    0.74
K07                     9.96    5.71   13.15   28.66   42.07  -31.36    0.43    0.23    0.89    0.75
K08                    10.49    5.66   13.90   28.53   46.66  -33.63    0.44    0.23    0.87    0.79
K09                    21.77   20.34   21.26   52.20   10.45   -9.61    0.99    0.88    1.47    0.94
K10                    24.22   20.75   25.33   52.67   19.45  -16.47    1.00    0.82    1.50    0.86
K11                    27.10   21.08   28.97   53.03   29.91  -22.03    1.10    0.85    1.45    0.72
K12                    29.38   21.24   31.82   53.20   38.12  -26.23    1.08    0.83    1.27    0.57
K13                    23.47   34.19   45.86   65.11  -37.46  -24.58    0.72    0.98    1.14    0.48
K14                    20.74   10.86   17.22   39.34   61.00  -23.17    0.41    0.22    0.81    0.73
K15                    50.23   50.24    5.02   76.21    4.84   80.35    1.34    1.45    0.22    0.65
K16                     0.81    0.83    0.67    7.48    0.46    0.31    0.05    0.05    0.04    0.26
K17                    13.62    6.70    0.70   31.11   57.31   40.50    0.26    0.16    0.05    0.22
K18                    14.37   23.41    4.56   55.48  -43.03   47.10    0.58    0.89    0.23    0.57
K19                     3.52    2.44   15.13   17.66   20.81  -55.57    0.15    0.10    0.61    0.65
K20                     1.34    0.75    0.23    6.75   22.27    7.37    0.06    0.03    0.02    0.42
K21                     1.16    1.93    0.62   15.08  -19.48   14.29    0.07    0.10    0.04    0.38
K22                     0.41    0.30    1.89    2.68    5.00  -24.57    0.03    0.02    0.16    0.65
L01                     1.88    1.60    1.66   13.22    8.71   -3.94    0.08    0.06    0.12    0.41
L02                     2.42    1.62    1.89   13.37   19.81   -6.05    0.12    0.08    0.19    0.70
L03                     3.10    1.72    2.13   13.95   29.95   -7.36    0.14    0.08    0.23    0.87
L04                     3.53    1.79    2.25   14.35   35.18   -7.78    0.16    0.08    0.26    0.88
L05                     6.88    5.55    5.81   28.23   16.71   -6.26    0.32    0.26    0.46    0.62
L06                     8.65    5.60    6.39   28.38   32.53   -8.68    0.36    0.23    0.51    0.68
L07                    10.79    5.77    6.77   28.83   47.71   -9.57    0.41    0.21    0.56    0.88
L08                    13.05    6.16    6.87   29.82   59.24   -8.29    0.40    0.19    0.53    0.94
L09                    21.55   20.11   18.51   51.95   10.48   -4.30    0.96    0.85    1.33    1.01
L10                    24.61   20.78   20.07   52.70   20.98   -6.34    0.99    0.79    1.32    0.92
L11                    28.03   21.32   21.21   53.29   32.50   -7.64    1.05    0.80    1.35    0.86
L12                    31.19   21.81   21.90   53.82   42.25   -8.09    0.71    0.59    1.24    0.77
L13                    21.12   31.01   44.12   62.50  -37.03  -26.96    0.72    1.02    1.19    0.55
L14                    18.99    9.60   14.81   37.11   62.00  -21.21    0.38    0.21    0.74    0.72
L15                    49.80   48.42    3.86   75.08    8.55   84.99    1.14    1.27    0.16    0.70
L16                     0.30    0.31    0.25    2.82    0.04    0.09    0.04    0.04    0.02    0.31
L17                    11.78    5.53    0.32   28.19   57.59   42.60    0.25    0.13    0.03    0.30
L18                    11.58   19.58    3.30   51.35  -43.67   47.72    0.46    0.74    0.15    0.63
L19                     2.47    1.60   12.31   13.21   21.50  -55.68    0.11    0.07    0.54    0.65
L20                     0.49    0.34    0.23    3.09    6.57    0.92    0.02    0.02    0.02    0.18
L21                     0.41    0.67    0.37    6.01   -9.20    3.34    0.03    0.05    0.03    0.31
L22                     0.22    0.22    0.63    2.02    0.22   -8.48    0.02    0.02    0.07    0.47
Dmin                   67.53   71.22   54.08   87.58   -2.49    4.89    1.97    1.97    1.86    0.61
GS01                   54.99   56.74   47.24   80.02    0.72   -0.48    2.00    2.13    1.95    0.75
GS02                   47.50   49.35   41.86   75.65   -0.22   -1.44    1.74    1.87    1.90    0.74
GS03                   40.67   41.95   36.60   70.82    0.69   -2.79    1.47    1.53    1.76    0.65
GS04                   35.18   36.15   32.04   66.62    1.11   -3.40    1.31    1.33    1.66    0.69
GS05                   30.15   31.02   27.38   62.52    0.90   -3.04    1.18    1.18    1.65    0.80
GS06                   25.34   26.12   22.90   58.14    0.62   -2.56    1.06    1.05    1.52    0.86
GS07                   21.09   21.87   18.94   53.87    0.02   -1.92    0.87    0.84    1.29    0.90
GS08                   18.03   18.65   16.09   50.26    0.26   -1.68    0.71    0.69    1.04    0.88
GS09                   15.39   15.92   13.97   46.85    0.27   -2.23    0.66    0.64    0.89    0.76
GS10                   12.78   13.20   11.71   43.05    0.40   -2.47    0.54    0.53    0.74    0.64
GS11                   10.46   10.79    9.70   39.21    0.43   -2.73    0.44    0.44    0.57    0.50
GS12                    8.53    8.83    8.07   35.65    0.10   -3.05    0.35    0.34    0.43    0.42
GS13                    6.78    7.03    6.44   31.86    0.07   -2.93    0.29    0.29    0.36    0.45
GS14                    5.21    5.41    4.96   27.87   -0.10   -2.67    0.23    0.22    0.30    0.41
GS15                    3.75    3.91    3.63   23.36   -0.23   -2.72    0.19    0.19    0.23    0.42
GS16                    2.73    2.87    2.69   19.50   -0.61   -2.63    0.12    0.12    0.15    0.35
GS17                    1.93    2.05    1.91   15.75   -1.13   -2.28    0.08    0.09    0.11    0.30
GS18                    1.34    1.40    1.26   11.97   -0.43   -1.41    0.06    0.06    0.06    0.23
GS19                    0.89    0.93    0.82    8.40   -0.41   -0.88    0.04    0.05    0.05    0.23
GS20                    0.46    0.47    0.45    4.26    0.07   -1.24    0.03    0.03    0.03    0.16
GS21                    0.23    0.26    0.28    2.32   -0.52   -1.35    0.02    0.02    0.02    0.12
GS22                    0.14    0.15    0.16    1.36   -0.38   -0.66    0.01    0.01    0.02    0.08
Dmax                    0.09    0.10    0.10    0.89   -0.15   -0.31    0.01    0.01    0.01    0.08
END_DATA
